44349
42170
45626
12111
19466
4065
1295
15217
32055
31344
42337
32801
45042
19318
44373
19286
15554
19336
7674
36567
2473
3488
24581
42247
46313
40110
24321
38245
44597
23824
13203
43482
19356
5855
45358
23595
46046
39304
19387
8444
42789
12629
11295
42790
27177
8424
20531
42238
45081
19910
41500
42599
14934
21425
19497
19521
37778
43295
44353
98
27385
43343
23694
43248
42548
44609
23987
23342
36326
20058
44454
43957
12349
45034
36695
44259
15929
7730
26198
37846
43290
32214
42158
45914
43911
16066
43994
42627
2476
23823
44393
42729
20091
27268
44651
42512
43819
16483
28712
42687
13510
43277
19692
40376
40619
33421
43038
36935
5557
42172
2470
11300
19445
32802
32426
32215
43411
31525
5638
43955
44327
45127
44978
42732
33558
12998
42652
46439
19428
43403
43951
24212
36226
32268
44716
45316
32125
27608
25439
44496
30381
39186
43669
42547
33172
36449
28454
19284
36588
43671
44453
30298
19378
43454
43535
41328
26422
43227
40713
43315
22779
14264
41315
42283
39605
1399
11061
43437
42088
24648
43654
19399
44406
42639
46045
22438
43414
37845
37039
38289
33175
32343
42306
43314
16683
43877
19421
46500
6110
19342
40472
40214
36330
34279
42769
19473
46297
998
32236
41277
43842
41074
44516
12310
28713
44194
26673
41575
41968
47053
42236
19407
42135
39750
31906
40663
8432
28186
42505
32404
13681
25955
37814
20057
3466
19328
14086
43878
37978
11765
28413
38956
25685
26456
2846
42455
28170
43449
34055
34974
44222
32920
11737
20270
43294
27789
44598
7300
44772
34587
33652
46496
43517
33444
41314
43264
44974
41468
44783
39586
37000
37820
15769
95
10438
9869
38300
44235
29806
632
44663
12315
31823
37274
42690
14535
19506
41465
44643
34146
42161
26640
43270
11302
43650
38277
11966
41140
16392
41358
12132
46194
11885
43436
42194
19418
38614
26643
42539
46094
15703
41759
31262
5560
38695
8898
44465
2999
34457
12131
27996
42298
16378
2467
33550
41317
41786
41321
42844
33155
44934
26213
9081
44415
43521
3492
36999
43566
8853
42664
15283
37325
5818
44241
19384
15901
40771
9270
21995
44714
7725
34814
4154
29507
16734
45126
13878
33581
15707
44564
43523
14743
41669
43470
12319
43995
43967
39321
44234
38411
43013
35750
34560
43981
42396
42730
16099
34496
15730
34512
1321
15710
6104
19687
19854
20039
43057
43101
19490
15064
15804
13876
11218
7548
39432
40968
12061
43871
7155
3368
41777
18970
12108
45025
38603
42675
43928
27941
22689
37171
37863
33387
28935
42091
44780
34586
42319
46440
7568
32273
10358
14440
4070
35351
41828
31192
19443
42443
21424
19651
16096
14185
40894
42230
11647
44229
45191
44311
43985
45278
43263
28183
31084
43935
19688
43313
44307
12999
42199
43447
11778
999
40295
41505
19432
44294
38036
41153
42278
41269
44230
42645
42392
35350
37772
7731
43984
33065
14468
42123
36447
31194
45013
28365
40309
44093
43672
12500
239
44370
42186
44790
34344
39349
34557
3489
44387
37323
3422
42305
38583
45088
16320
44744
43261
43537
9545
37267
38619
22724
45518
16101
10658
23510
43937
9617
36307
43840
44195
15677
44213
34064
26642
42934
41137
44198
24062
31758
27792
23150
40123
24702
42139
43529
44168
3010
7404
41322
45621
33152
36696
16095
43166
44419
35218
22695
41951
10522
42791
42245
13615
32276
46388
32411
37963
19386
41943
31640
45008
42215
44914
41147
26084
4740
43524
97
38047
39775
43465
36379
15355
18111
37819
19475
45354
15205
27464
43269
44522
30838
44789
41997
36944
20431
42422
44026
36353
19372
43112
42308
7871
34358
44519
43696
43867
9976
5266
43969
21254
35116
19419
46407
39960
40279
33347
43568
34528
45038
44287
39603
44210
1300
33145
8438
9079
45912
12912
44236
19426
44420
36331
20281
31193
45162
42813
26898
16490
9107
20613
37044
20072
40712
11493
3014
42325
15340
44947
14786
36997
9548
19416
35686
9828
42747
26669
2219
40445
23125
21049
44159
31720
24163
44362
42546
30358
14460
36214
21018
10378
22159
42441
41522
44413
32435
43190
42748
15903
11411
39922
46303
39651
27463
37813
42009
21741
44794
16489
42356
33191
44520
41924
3008
11217
43205
42817
13680
42714
32115
42826
42190
5825
236
3947
19479
44512
39527
39492
23194
32134
45026
41685
38960
38731
43986
45107
44238
32972
43307
36005
41278
45916
19439
14161
35223
44446
11407
43425
47064
42588
26629
33912
16097
44935
45979
15770
35975
32161
43908
10979
44089
19422
45372
13091
19400
43259
18755
35222
44148
45365
44831
16213
44169
19454
23343
24527
995
44265
12549
42751
16206
32443
20005
19382
42403
11537
44183
36943
38312
31409
37627
41307
36008
38425
16535
44022
17597
15905
43839
34476
3000
45036
39604
26211
44444
43528
17686
44087
12324
31737
45306
42800
40624
1365
11214
42195
19358
46302
42251
43272
43633
45374
43335
45139
42144
45079
41157
39584
43905
43910
11708
42658
1314
20996
41342
34789
31085
42208
9547
42072
19448
40284
42641
14315
41540
13405
34590
44094
4071
39116
14754
43181
42750
11216
26
15049
33445
7869
37324
3367
36598
5518
46706
19092
36593
44003
31134
36486
45631
19321
37043
42835
42510
41902
9867
31994
33836
39588
19706
19470
37865
19062
11215
17934
35385
23344
12106
44108
40870
42591
27555
38026
42606
32440
7444
45368
33738
42753
16697
43055
37805
42728
44788
40119
19433
18667
16402
10690
44909
44458
14081
1331
15207
8428
42533
10533
20016
10440
38035
41574
42731
33064
41785
43120
22730
42660
41159
42841
31101
35213
10037
33144
43276
47071
33582
15706
41300
40097
19467
16292
8436
41463
35352
41082
44517
37273
44365
19379
8899
20142
39274
30873
28403
38082
13088
26148
43979
34494
19329
44510
33181
42159
37803
9466
40427
35246
15060
42540
14073
13019
45031
38351
25192
8489
9864
16212
42221
11473
42744
12107
13227
11299
19455
43330
45128
19354
238
43451
7445
41467
14087
9860
9938
42576
13882
44425
36720
27584
39017
27739
18437
43081
29071
46501
46422
19278
14278
30879
44266
35791
43442
19410
36001
42628
45620
31868
35155
41524
1175
237
46668
43667
44432
18821
43412
19057
42087
39660
16536
40151
39866
42235
11290
45153
44874
27945
10379
28772
19343
33580
1299
18110
26177
22596
40293
43398
42267
41760
40513
44227
12891
19524
44242
17904
4173
4069
43225
12534
15732
44030
43275
32416
37806
28875
37826
44864
19921
40657
21624
40744
44797
34717
43424
22136
40610
7738
20056
30444
11481
20484
9464
11195
15029
43178
42625
12109
26086
44285
34282
44549
8431
44473
36646
44824
33165
2487
4066
24518
44423
43361
16264
39697
16668
20905
16550
1570
44309
19362
20973
26308
43452
44521
28765
35160
31661
16773
13092
33090
19499
12413
9830
30296
25091
19487
18680
43288
42036
43402
32894
37993
9648
17902
46673
36653
34069
30429
18825
32149
42442
43974
13046
43107
41941
17605
16211
39742
20543
38828
24188
19803
45464
27594
11490
32363
20074
29722
43198
26077
45318
33164
1176
34786
14927
22230
44459
41644
9104
17688
43895
1357
43244
35909
45932
41690
18759
14160
46264
19322
40379
9543
9746
16488
43946
42617
19346
23302
11293
21525
7671
42816
42171
36291
33156
8435
39872
42266
36974
43904
41197
27448
16661
37382
44951
43944
11479
17905
26209
28910
19373
19340
6051
43900
31466
39834
11653
39823
15487
42331
13709
38055
44955
8423
40984
12997
19435
38954
44870
34726
43962
36609
42954
10038
26260
39769
40656
20354
32961
3423
19364
43441
43117
19465
38481
1310
32162
12187
34233
42406
12535
19464
41320
33492
31719
19485
34200
40666
43194
42005
41343
39196
43226
38096
31811
32135
46158
45437
31932
43481
7868
26339
43286
37285
45312
32338
14145
34985
13706
41689
40285
19451
46435
42064
20003
42152
19440
16347
45006
24880
20482
22597
43266
19675
34305
2125
16207
32339
43668
43377
12551
46408
4022
11707
42694
44103
43363
8502
46450
42644
10656
43271
22151
19456
19365
34495
33099
19679
30030
45129
19442
5519
42196
45480
33344
34096
12586
39975
35083
24653
44742
19385
19383
3424
20301
9647
23596
9077
21993
43555
42805
44793
27118
43959
30887
14387
41279
39768
23066
42255
9829
25
14785
13375
46787
41547
44967
41102
43947
17918
34725
30271
12415
32677
36732
44657
39490
6818
14923
17864
42734
19333
43027
10036
43652
41699
44452
32158
36352
44502
26163
20567
24673
45041
21084
19496
39865
44205
19436
39827
4803
38094
44968
15027
35463
13226
19285
30625
42097
19380
9552
25912
11222
35134
2468
38955
25968
19289
16682
45466
20292
43243
42715
43028
43896
42860
23220
42834
44897
34791
42395
30375
4978
33487
30547
36455
16394
37463
43518
41142
44184
17869
14471
40784
39342
40092
9865
33544
5558
19414
42968
40261
12502
42866
23811
46049
9463
45369
19503
45000
38979
40768
45019
45622
42560
43627
16532
38199
30696
44314
14557
43265
42409
43435
42268
38246
11776
42776
44518
1584
38460
44216
15282
12321
38412
21475
38866
17912
44826
43195
3487
44637
44414
44034
42118
32552
43993
19517
13778
15952
37923
12913
42956
8896
42501
4281
19500
40965
235
41504
19430
13883
41313
33584
44886
25016
44966
44150
1134
42598
44105
44440
36473
43075
38028
8437
42143
7042
40952
8064
38058
35322
45560
44039
26641
26562
20273
38395
26278
44152
14978
43443
5553
42836
19520
19412
42116
30629
42281
13204
33724
15028
39350
34349
14200
26081
37384
44187
41449
43866
44028
12134
36327
1847
7990
19423
8442
43874
44356
22713
19425
1035
42736
44374
44118
9461
42610
43409
19094
46241
19850
19457
41750
11220
15354
43374
21284
26584
42111
19798
34757
19361
8512
21423
45154
39503
42693
9866
43317
21710
28189
33215
41124
19350
33540
27119
31153
20278
46395
25893
11294
35257
15026
3421
36120
38107
11298
26212
15101
28939
34614
46287
14382
26327
13886
13708
41691
44016
13703
39516
21048
42706
40783
35865
43032
24
19415
17913
34257
34380
18795
12619
36011
14221
42107
38616
18758
44952
12890
43444
8440
42847
2464
15729
19502
16214
37321
23812
45511
12320
46462
44694
40096
42150
44014
43034
43342
46449
2491
40446
17908
19516
45003
6823
16376
8446
42640
44002
43945
42611
13096
23193
1582
42162
19347
19371
43189
41273
2933
26139
33835
44104
9550
43247
45982
42953
39241
45164
3493
30712
15342
44501
37918
35768
9646
36012
44172
27329
34341
42695
46617
35465
44918
32021
19355
4072
22723
17690
24033
14534
13047
44029
7485
44038
41810
2373
41831
24828
32448
19335
19054
37480
8443
46678
2236
44186
37286
42071
19353
43873
42431
27348
45539
12133
45005
19366
40273
42963
30326
44411
43525
34773
9268
15714
45355
44844
13201
46255
9827
34986
14461
42561
45130
6346
40705
10076
18682
19572
26495
8445
44905
43145
19478
27972
43180
16094
44906
14838
14924
33169
46841
42745
41309
43651
32984
12648
43353
3425
31459
42506
19405
18566
41272
20432
21253
42646
12932
44467
43527
42137
36947
42108
42430
45472
41097
39990
42812
9083
33785
39415
40229
20392
9080
37849
17865
19458
45541
33140
37457
25969
15037
19472
233
42296
43111
28046
36121
44613
19491
30466
43960
42528
21275
26262
44264
9193
1588
33339
19476
45024
41112
42752
43228
30309
15343
35484
43318
43924
26510
44106
26496
15590
44814
9654
43927
1317
35942
29869
245
21197
35527
41294
43926
27738
44121
14212
43386
44107
38958
40007
20269
44025
29049
43283
44091
33192
26082
14088
4163
9862
33376
44815
16291
13089
12742
46456
44664
11296
37074
37943
39240
29060
7729
44114
44083
37081
41888
42297
12867
43349
11645
15728
11292
36560
35675
18756
29976
26914
1580
43171
38713
6345
45195
42707
32232
37626
44228
13393
39817
44808
46057
39663
20291
44261
22897
44433
43526
28166
32377
37959
42192
5859
44035
42228
19370
36023
25425
45226
34274
26998
42655
44863
46332
13086
44308
44447
15056
45603
42008
44310
40592
43938
33161
40603
25195
6052
13090
19634
39671
28179
28440
22826
32277
27490
44263
37031
1136
996
43405
46047
8434
22413
43882
11291
46009
17867
15787
17868
8897
44579
42030
31645
41289
45458
42214
43455
24701
44898
13897
19460
9269
44173
2221
12744
9747
40711
42183
12316
44024
13678
19469
41925
22833
15025
44933
41275
1850
31154
12130
19369
43982
20028
9546
44921
43605
19484
39269
44561
1281
33157
31765
33430
9868
44850
41066
33153
37270
44153
12911
26963
41301
43407
31920
4906
44125
35252
15352
19486
40126
20585
41507
33480
45465
44375
40136
25959
37333
32274
19359
12914
46157
19523
22414
42169
44837
33742
45156
44188
46108
37383
38712
32342
7049
3366
14996
24938
3460
44481
20141
42206
1323
41096
42307
42153
10439
36154
40611
12616
44407
35812
18820
44204
7299
43428
40558
19393
42145
3287
39795
19928
34338
33539
2097
2981
41894
23954
34980
36292
42200
38175
13093
46340
12743
12148
44811
42605
43520
19175
26516
43837
45446
1846
45618
44825
27200
44833
12684
36381
11405
19677
44402
46198
45175
42679
44313
40551
19319
44880
11706
45010
16546
37960
22778
40714
27559
21083
43886
234
23919
19357
25483
24879
32494
38715
44403
15486
42163
36654
22229
15786
9076
32119
37326
41099
11198
44027
42216
14798
44571
36694
19281
42542
15951
19477
14272
43413
13599
44207
46472
43438
44363
19398
43238
38313
8528
33338
44740
46055
42545
35349
41271
13700
12892
14330
44384
23143
24326
44470
46785
36433
43664
18683
41512
44610
16125
20997
13347
32337
42160
8430
19525
5816
28191
5817
42182
2997
13677
35108
36975
19287
19420
19922
42863
40523
33159
18817
43909
20029
44652
41156
32126
44360
15699
33173
43026
37818
34588
42665
45007
16379
14827
45277
44138
31328
13031
37272
42398
46050
21419
44809
41293
7737
39672
14222
2670
2471
43179
11413
37082
43439
11547
6143
15709
9462
39738
37889
41909
43088
43329
1844
39113
36014
43894
19056
42031
37546
42399
42823
44347
12414
41469
44804
19747
38279
19411
19709
11397
42649
43100
41324
44171
21433
13919
45319
34094
14407
39698
19290
44715
34403
1294
29088
24786
42189
15255
45123
42176
24544
42651
42237
42141
44846
43554
8497
26261
46471
36756
44020
42037
44209
28243
42720
16735
7351
42833
43155
28173
16092
43972
41464
45196
18567
35689
45279
19513
16064
15682
19512
45317
44946
38957
17600
32986
41310
24819
41508
42511
19459
43810
19345
19495
4973
13889
1843
42025
24327
41148
24019
42416
29199
18823
32170
15869
2126
47304
42224
34278
42490
14419
35881
25640
35161
19909
40521
33538
44983
47423
43885
37125
42698
20075
43376
11193
43512
16093
22276
9857
31157
41688
43285
32341
33422
40219
16430
30229
12915
40274
15102
15208
2099
39019
19408
20761
44873
21974
42551
44500
42636
41494
36485
34148
28106
2996
42404
15734
35769
36559
14444
43462
42155
42246
19620
42957
38615
43399
32275
25015
37317
44380
46713
45412
43847
37269
41081
43022
30697
42096
30297
14922
2462
11777
19498
41998
40667
37498
35051
19320
44469
24088
44123
42726
46265
30013
9192
19389
41687
45227
44830
28728
26520
43976
34243
40218
32632
38480
15195
30035
44350
42562
43649
42423
40230
2214
44369
22452
38086
44422
36328
19377
15351
36410
45102
42157
29621
19508
43950
31259
9393
43092
22786
34651
42185
3467
11013
12909
27415
36940
16647
37804
41274
13095
43883
38253
14331
34095
43245
45367
34331
23037
5555
38083
38689
45103
45109
44917
12530
14098
42770
46245
42373
31391
46396
11682
30413
27793
35540
44021
34166
31155
36584
27722
22683
20225
45271
44154
44090
15588
32346
30571
19424
31200
30875
45141
22650
8427
44081
44385
34589
26392
34981
30718
44151
15800
39659
45540
42595
25970
1288
43460
8441
41143
35254
43289
43087
38200
22132
25092
43983
19449
41479
44442
45092
44392
43037
19665
28193
43119
15667
42654
45083
30230
40615
38218
41103
14085
13477
43408
12416
23515
43536
45275
43446
39662
42400
43328
10742
43914
26554
44879
38248
42821
9977
19404
41474
19504
12996
42444
42637
33104
34218
14470
41495
42366
11109
42743
14859
33528
41749
452
44023
15708
42721
34337
8433
44124
29152
38333
35866
15900
42477
31265
42428
40625
37994
42119
41643
1845
19698
3288
41794
32296
28714
44499
42801
4067
25118
31519
42351
40719
45624
43670
41518
33352
14416
22412
26526
44563
11972
25148
36355
44082
20483
14394
37779
9651
42827
38314
19339
40094
43306
44984
19492
43964
15700
37432
42727
31694
41751
27394
26654
43925
42509
42642
2993
44829
16373
14925
42525
35150
42229
33160
42638
3602
9544
26659
37410
2475
11221
42106
28184
22360
41349
43453
242
45980
45370
43494
29639
44225
19728
11196
46048
44491
44206
10691
20389
39929
40618
12317
18754
46421
26147
38617
30036
29455
44231
45105
19394
36303
14275
22126
37844
45020
44354
14120
43486
44386
44673
43963
34556
35751
13511
8439
15382
43176
11505
37318
19501
2493
42708
36270
23998
42862
39695
41242
44436
16345
16646
36009
46714
15835
45047
2492
14385
33613
15520
44368
45159
43322
43450
42103
8541
12922
43553
40428
23349
31644
44376
6576
8426
1361
37320
45148
2994
27984
38459
14533
47065
19507
37068
34068
36586
28715
16746
8845
16696
45364
40887
39677
44513
32297
25112
43059
41308
12152
38205
43167
4659
43296
44086
30447
28174
41139
41476
8900
13881
42086
42270
13394
36583
44355
37811
41414
44443
43457
19488
13874
10985
24918
7349
15345
45303
38100
9650
44214
41506
19482
32432
40710
42807
43939
33375
40098
41473
42140
12893
37944
34973
96
44925
11781
37812
33348
19344
45015
12312
1282
19474
11374
18819
42222
8425
19447
37268
33174
43913
32347
43197
30033
44907
41305
23153
5856
8065
44796
33386
42964
40514
5871
19388
25870
15485
12910
43423
45197
44721
2488
29872
15902
18479
33166
39678
42154
32340
45351
29273
42861
23131
24594
19332
32482
10657
41617
41302
43312
45014
16242
44352
41224
25989
39544
36647
8722
46056
44019
12592
12916
44085
38961
28764
41299
41298
3948
34597
19402
15214
45072
21739
21711
44410
40596
40342
7352
42532
15198
28364
41466
44910
35239
33167
41475
1182
34194
14263
14981
21530
647
44437
3486
4166
45515
14707
44122
13122
1355
45913
19381
24691
19391
43941
32283
45937
43327
42840
41219
40409
33543
20224
24010
240
36524
2495
13507
42244
44548
39585
44661
42500
15899
42717
30037
43108
40650
37852
42808
36002
26457
44550
41095
43956
42567
7673
33163
3490
37964
17598
43273
41276
44552
32169
41347
46722
19283
42217
44630
43002
45467
30249
20747
12763
44017
38829
45124
42147
38539
20382
2490
32233
43422
19431
12306
38908
37003
37096
14498
42098
16660
45073
43971
24900
31585
16743
1133
42231
32925
24812
43387
42241
41898
10090
43093
19392
19627
40489
43906
13121
23955
39174
41509
35135
42811
2494
2477
42788
1347
31931
43872
30897
9108
14214
46627
36731
12499
36408
12151
28874
16401
35700
43516
9465
43838
38546
44849
45016
42085
42868
26525
9870
44871
19374
35217
35687
23721
43320
40105
43287
42146
14742
32985
43331
19510
42594
41884
23881
14672
17693
46052
27940
41270
37334
24087
39652
44389
33583
42115
12150
32267
37807
43268
43992
15383
33560
4156
42609
43284
38065
15353
43404
42520
40559
36841
28410
42607
34785
34352
19697
35867
11780
11017
23810
37109
22278
33168
44827
46903
23860
40222
45131
42589
5637
2241
36722
23219
45027
13414
43624
16098
13873
19403
42969
30526
44451
43943
19334
19493
42418
42996
12531
38324
44239
1829
34596
19673
30024
38007
12983
11219
44919
43519
36745
2995
42659
2932
44926
21343
243
42521
19375
10380
28727
42164
44816
42250
34149
41327
41348
11395
44441
41340
39368
19452
10278
9826
7724
39897
13676
13020
21170
43468
11928
13885
25109
7041
34684
43188
39421
2998
42184
13707
28414
29805
30031
46433
1340
40649
29784
42265
16419
20256
31131
30032
33171
21418
17917
20968
21531
19450
42175
19526
40895
40839
37014
43332
14979
37075
46921
41914
15801
19360
34273
34093
25761
43464
46095
42802
39483
44466
44954
19514
36325
42104
7991
18926
44468
42173
45166
45183
32171
10521
23554
43916
42138
19173
19792
44377
21434
19509
10689
13509
45276
39398
41079
1135
18764
42570
8844
38402
36380
19446
44149
17935
42469
19674
46451
34813
5559
15733
25981
18794
19489
24768
31993
15377
42303
15771
20720
44438
44000
39482
31812
44120
29059
41059
26074
8429
44524
11775
31524
44199
37192
34187
4068
44416
41323
39493
44361
42134
19519
42846
44865
32344
19441
43373
40985
1830
21422
41918
33537
13804
19678
42225
39871
19390
40522
41184
36013
19429
43253
7353
10420
14980
44653
19288
35050
14281
9078
19505
7870
35092
45357
34936
44286
45420
19925
41503
42102
10688
37275
43809
44084
246
43936
44212
27970
997
36998
46315
17689
40125
41892
44345
41123
40709
16391
44097
45376
44596
41889
241
41297
42768
41845
15350
41138
26140
26164
42067
44326
40708
42177
9858
42810
36945
45310
13202
22984
13884
24032
14753
44215
43940
33614
43907
35464
42243
42713
19367
15701
43148
44080
33113
32549
28185
20064
43614
43380
33837
19481
42026
35224
43410
19282
2845
36215
33516
43961
24899
36562
40458
46430
38027
12533
39675
32741
44424
44366
15376
37809
19461
38800
19518
19494
8723
13877
34359
38195
43267
45075
25126
33083
40213
44767
46174
41329
45597
10643
6050
44379
45625
21426
43970
37108
2204
12190
15823
43252
12461
12647
40715
31660
19632
43310
42663
42122
19463
31810
29138
38124
26101
43058
34869
4658
43246
12984
38471
26151
20381
14422
44088
21459
35526
22712
30279
42832
40162
43280
43291
12129
42429
42809
16367
36007
2709
42735
26208
35790
45011
21161
46994
35212
40785
43262
34332
37816
26080
28011
40262
41268
44487
20073
26323
46010
41306
19480
46651
34376
15103
43996
36138
28628
14469
27382
25836
45028
19672
37539
25480
19515
39976
12501
23882
44232
37771
35811
44628
22160
33947
37704
42746
14144
42063
43030
42648
44565
30898
41621
38388
40958
20071
18927
5554
35559
42261
15731
38927
42149
39396
7727
19349
43182
20717
39761
41316
12318
38618
44676
44351
42099
19471
37040
34874
42187
36950
39828
11301
42806
13616
43368
31156
11520
5813
46452
43565
23996
19368
45896
22763
44112
38942
36006
2235
14977
1336
42859
33053
31977
10039
42290
30434
19483
40964
30878
42264
14426
14067
42737
26210
44920
31813
244
11774
44795
37322
42450
39177
19376
15904
43365
42350
44832
27136
41913
1287
19511
42374
37917
42105
29298
5826
44439
46884
1271
22800
20280
40106
7726
43931
40122
15030
42234
42045
41100
11709
24444
39956
16377
19095
41152
19413
42089
26385
31261
22275
43515
44346
31487
38600
36010
44001
42696
42552
1270
37817
42716
42207
19330
232
42223
43954
26075
42822
37271
39957
42151
26921
10907
43975
44776
42181
45311
43917
44472
43336
26315
44908
22386
39303
37815
42090
25845
33158
16744
44378
44674
33963
45004
41295
30888
45099
33154
31678
16390
35673
43406
26197
45373
19462
22801
45981
23036
42766
29137
41448
1851
46237
27556
45499
32859
12110
45095
35674
9861
42142
6053
18084
42825
46986
36004
18015
35256
21656
42962
37808
32298
7952
34357
16364
39931
42643
9649
42193
19438
44031
1000
13710
19427
20391
18478
37810
19671
43341
43260
38560
36003
16772
5815
44817
21285
14497
40095
11779
44805
42191
37095
44677
44348
36723
37360
20974
33162
45012
37359
19409
46244
34471
38093
36424
46317
13476
1322
44787
31257
42109
42722
39679
43316
45163
44267
43868
40524
19680
12308
13225
39824
19406
43973
33264
39562
36951
2489
43999
43942
42410
44523
21427
19351
43274
38601
44791
14926
41341
41446
12536
11212
14260
41038
19437
13890
30299
42174
42527
41385
27286
33170
8539
1397
41686
39515
47048
16393
40689
19401
4743
19667
22304
17744
7672
42068
13679
20276
44801
41891
37888
9831
12532
28009
30522
32345
39739
26563
38034
36015
42888
44642
31700
1339
42389
47066
14262
43915
19434
37319
42824
32392
43899
7048
20387
25125
45371
18757
38545
37979
46753
12711